



   0.0000000000000000        0.0000000000000000        0.0000000000000000                2           5           1           1           1       (-4.27405804424336704E-018,0.12523313347484571)
   0.0000000000000000        0.0000000000000000        0.0000000000000000                2           5           1           2           1  (-1.59745672533597978E-017,5.38281132918535798E-002)
   0.0000000000000000        0.0000000000000000        0.0000000000000000                2           5           1           3           1       (4.23022039271746917E-018,-0.50730102983680236)



   0.0000000000000000        0.0000000000000000        0.0000000000000000                3           5           1           1           1 (-6.56373199654149643E-018,-3.38536214449561834E-002)
   0.0000000000000000        0.0000000000000000        0.0000000000000000                3           5           1           2           1      (-1.98602728014743446E-017,-0.52033465290427872)
   0.0000000000000000        0.0000000000000000        0.0000000000000000                3           5           1           3           1 (-1.45413825999663047E-017,-6.35682284095160921E-002) 


   0.0000000000000000        0.0000000000000000        0.0000000000000000                4           5           1           1           1        (3.22080802626229051E-017,0.50902429506401692)
   0.0000000000000000        0.0000000000000000        0.0000000000000000                4           5           1           2           1 (-8.63490121803232350E-019,-4.78489453165323320E-002)
   0.0000000000000000        0.0000000000000000        0.0000000000000000                4           5           1           3           1        (3.46349294653742856E-017,0.12058144067719170)
