


   0.0000000000000000        0.0000000000000000        0.0000000000000000                2           5           1           1           1       (-3.47211020018535842E-018,0.49386835655775163)
   0.0000000000000000        0.0000000000000000        0.0000000000000000                2           5           1           2           1       (-3.44450381618055479E-018,0.33595747386131253)
   0.0000000000000000        0.0000000000000000        0.0000000000000000                2           5           1           3           1  (-4.77816705212922790E-018,1.63393391277861233E-002) 



   0.0000000000000000        0.0000000000000000        0.0000000000000000                3           5           1           1           1  (9.81988105187149858E-017,-1.62254451639075862E-013)
   0.0000000000000000        0.0000000000000000        0.0000000000000000                3           5           1           2           1 (-7.63807493051199980E-017,-9.00435316428416507E-013)
   0.0000000000000000        0.0000000000000000        0.0000000000000000                3           5           1           3           1   (1.44572529703004877E-016,2.90215105456292789E-013)



   0.0000000000000000        0.0000000000000000        0.0000000000000000                4           5           1           1           1   (1.28885938806938484E-017,1.74515910488849090E-013)
   0.0000000000000000        0.0000000000000000        0.0000000000000000                4           5           1           2           1  (-3.12466701702763639E-017,4.15376562644510006E-013)
   0.0000000000000000        0.0000000000000000        0.0000000000000000                4           5           1           3           1 (-4.35843655722602672E-017,-2.36963809502484880E-013)
