


   0.0000000000000000        0.0000000000000000        0.0000000000000000                2           5           1           1           1       (-4.12141311414629645E-018,0.12909942235849797)
   0.0000000000000000        0.0000000000000000        0.0000000000000000                2           5           1           2           1  (-5.18094073081939372E-018,5.25314827261107037E-002)
   0.0000000000000000        0.0000000000000000        0.0000000000000000                2           5           1           3           1       (2.93471539744774453E-017,-0.52299429431403754) 



   0.0000000000000000        0.0000000000000000        0.0000000000000000                3           5           1           1           1  (8.24282622829259290E-018,-3.35779408144748492E-002)
   0.0000000000000000        0.0000000000000000        0.0000000000000000                3           5           1           2           1       (1.03618814616387874E-017,-0.53661384013672431)
   0.0000000000000000        0.0000000000000000        0.0000000000000000                3           5           1           3           1  (5.81655303998652127E-018,-6.21880846278480004E-002) 



   0.0000000000000000        0.0000000000000000        0.0000000000000000                4           5           1           1           1       (-3.96876818400781297E-018,0.52455229525228841)
   0.0000000000000000        0.0000000000000000        0.0000000000000000                4           5           1           2           1 (-2.15872530450808097E-018,-4.72787404842115594E-002)
   0.0000000000000000        0.0000000000000000        0.0000000000000000                4           5           1           3           1       (-2.64388774544841862E-018,0.12473515807395308) 


   
