 



  0.0000000000000000         0.0000000000000000        0.0000000000000000                2           5           1           1           1      (-5.18239583685733238E-018,-0.25672176650722095)
   0.0000000000000000        0.0000000000000000        0.0000000000000000                2           5           1           1           2       (3.51047549971540797E-018,-0.25671824501702456)
   0.0000000000000000        0.0000000000000000        0.0000000000000000                2           5           1           2           1      (-2.18209027699190111E-017,-0.24948084032195381)
   0.0000000000000000        0.0000000000000000        0.0000000000000000                2           5           1           2           2      (-3.19003272075733470E-018,-0.24949848131569760)
   0.0000000000000000        0.0000000000000000        0.0000000000000000                2           5           1           3           1       (-1.30996886543683402E-016,0.28953500370911789)
   0.0000000000000000        0.0000000000000000        0.0000000000000000                2           5           1           3           2        (6.58683888451849503E-019,0.28952946719302652)




   0.0000000000000000        0.0000000000000000        0.0000000000000000                3           5           1           1           1        (2.84212572930110920E-017,0.14713520674391561)
   0.0000000000000000        0.0000000000000000        0.0000000000000000                3           5           1           1           2        (3.74184010381130341E-018,0.14714924688624198)
   0.0000000000000000        0.0000000000000000        0.0000000000000000                3           5           1           2           1      (-9.69841989051690840E-017,-0.26849389808495389)
   0.0000000000000000        0.0000000000000000        0.0000000000000000                3           5           1           2           2       (5.32900756693157152E-018,-0.26847126581894654)
   0.0000000000000000        0.0000000000000000        0.0000000000000000                3           5           1           3           1       (2.54659830203737231E-017,-0.19094818560780119)
   0.0000000000000000        0.0000000000000000        0.0000000000000000                3           5           1           3           2       (2.54967301250847357E-017,-0.19097557349858407)




   0.0000000000000000        0.0000000000000000        0.0000000000000000                4           5           1           1           1   (8.84181979790881273E-017,3.23190489238512485E-003)
   0.0000000000000000        0.0000000000000000        0.0000000000000000                4           5           1           1           2   (1.19897203346764235E-017,3.24903643773732584E-003)
   0.0000000000000000        0.0000000000000000        0.0000000000000000                4           5           1           2           1  (1.35794209204581312E-017,-2.57512510185322410E-002)
   0.0000000000000000        0.0000000000000000        0.0000000000000000                4           5           1           2           2  (2.02884057597532187E-018,-2.57519574169045307E-002)
   0.0000000000000000        0.0000000000000000        0.0000000000000000                4           5           1           3           1       (-1.66466513398682628E-017,0.28357295380737346)
   0.0000000000000000        0.0000000000000000        0.0000000000000000                4           5           1           3           2        (1.01369926378077931E-017,0.28356171314806700)
