
       GAMMA POINT                        b1          b2          nkpt       direc      spin                  Values

  0.0       0.0       0.0                  2           5           1           1           1      (-2.19491403798914560E-018,-0.44097534598822125)
  0.0       0.0       0.0                  2           5           1           2           1      (-2.92655205065219426E-018,-0.34765270536671189)
  0.0       0.0       0.0                  2           5           1           3           1       (-7.31638012663048565E-019,0.13694998832192179) 


  0.0        0.0      0.0                  3           5           1           1           1             (0.0000000000000000,-0.34757315137815997)
  0.0        0.0      0.0                  3           5           1           2           1        (3.65819006331524282E-019,0.30389214552616978)
  0.0        0.0      0.0                  3           5           1           3           1      (-1.09745701899457280E-018,-0.34773470770281611)



  0.0        0.0      0.0                  4           5           1           1           1             (0.0000000000000000,-0.13715176732501200)
  0.0        0.0      0.0                  4           5           1           2           1       (-7.31638012663048565E-019,0.34765517247445632)
  0.0        0.0      0.0                  4           5           1           3           1        (7.31638012663048565E-019,0.44091068525750066)
