   0.0000000000000000        0.0000000000000000        0.0000000000000000                2           8           1           1           1 (-5.05277027814213523E-018,-6.58088973854367154E-002)
   0.0000000000000000        0.0000000000000000        0.0000000000000000                2           8           1           1           2 (-1.13798957773676008E-017,-6.58196467853775780E-002)
   0.0000000000000000        0.0000000000000000        0.0000000000000000                2           8           1           2           1  (-2.33566438499574790E-018,6.79521417799945349E-002)
   0.0000000000000000        0.0000000000000000        0.0000000000000000                2           8           1           2           2  (-4.75744000165613521E-018,6.79305003405423630E-002)
   0.0000000000000000        0.0000000000000000        0.0000000000000000                2           8           1           3           1       (-1.14492221846166716E-019,0.54564483829124799)
   0.0000000000000000        0.0000000000000000        0.0000000000000000                2           8           1           3           2       (-2.54076725572701596E-018,0.54564623642628296) 


   0.0000000000000000        0.0000000000000000        0.0000000000000000                3           8           1           1           1      (-6.08338172264463916E-018,-0.10383766616889134)
   0.0000000000000000        0.0000000000000000        0.0000000000000000                3           8           1           1           2      (-4.04472683872033349E-018,-0.10383464893026320)
   0.0000000000000000        0.0000000000000000        0.0000000000000000                3           8           1           2           1       (-3.09276863364129322E-018,0.53811525883618161)
   0.0000000000000000        0.0000000000000000        0.0000000000000000                3           8           1           2           2       (-9.34784423455236015E-018,0.53811871332369576)
   0.0000000000000000        0.0000000000000000        0.0000000000000000                3           8           1           3           1  (4.61515436039571833E-019,-7.95380503325340549E-002)
   0.0000000000000000        0.0000000000000000        0.0000000000000000                3           8           1           3           2 (-1.73880304122766998E-017,-7.95186155248951143E-002)




   0.0000000000000000        0.0000000000000000        0.0000000000000000                4           8           1           1           1      (-1.11643463716598322E-017,-0.53996622339230793)
   0.0000000000000000        0.0000000000000000        0.0000000000000000                4           8           1           1           2       (8.73988965060196748E-018,-0.53996549341399169)
   0.0000000000000000        0.0000000000000000        0.0000000000000000                4           8           1           2           1      (-5.66684754675816676E-018,-0.11176345009889721)
   0.0000000000000000        0.0000000000000000        0.0000000000000000                4           8           1           2           2       (8.44012946519941861E-018,-0.11175997334171861)
   0.0000000000000000        0.0000000000000000        0.0000000000000000                4           8           1           3           1  (2.72908974627267111E-018,-5.12054987072428358E-002)
   0.0000000000000000        0.0000000000000000        0.0000000000000000                4           8           1           3           2  (9.01706436658683987E-018,-5.12207825541874384E-002)
