
Spin polarized but not spin orbit coupled



Eigenvalues (hartree) for nkpt=  29  k points, SPIN UP:
 kpt#   1, nband= 20, wtk=  0.00195, kpt=  0.0000  0.0000  0.0000 (reduced coord)
  -0.24443    0.18856🏁️    0.18856🚩️    0.18856    0.28110    0.28110    0.28110    0.30100
   0.46838    0.47221    0.47221    0.59424    0.59424    0.59424    0.73803    1.02631
   1.02631    1.02631    1.07088    1.07088
 prteigrs : prtvol=0 or 1, do not print more k-points.

 Eigenvalues (hartree) for nkpt=  29  k points, SPIN DOWN:
 kpt#   1, nband= 20, wtk=  0.00195, kpt=  0.0000  0.0000  0.0000 (reduced coord)
  -0.24443    0.18856    0.18856    0.18856    0.28110    0.28110    0.28110    0.30100
   0.46838    0.47221    0.47221    0.59424    0.59424    0.59424    0.73803    1.02631
   1.02631    1.02631    1.07088    1.07088 



SPIN ORBIT COUPLED 



Eigenvalues (hartree) for nkpt=  32  k points:
 kpt#   1, nband= 20, wtk=  0.00195, kpt=  0.0000  0.0000  0.0000 (reduced coord)
  -0.24443   -0.24443    0.18738🏳️‍🌈️    0.18738    0.18915    0.18915    0.18915    0.18915
   0.28022    0.28022    0.28154    0.28154    0.28154    0.28154    0.30100    0.30100
   0.46838    0.46839    0.47221    0.47221 



   0.0000000000000000        0.0000000000000000        0.0000000000000000                2           5           1           1           1   (1.81802664296237155E-012,4.12897067851369453E-013)
   0.0000000000000000        0.0000000000000000        0.0000000000000000                2           5           1           2           1 (-1.50019282477804307E-012,-8.57191646735865078E-013)
   0.0000000000000000        0.0000000000000000        0.0000000000000000                2           5           1           3           1  (-1.63170736696690376E-012,7.09270616700907641E-015) 


   0.0000000000000000        0.0000000000000000        0.0000000000000000                3           5           1           1           1 (-1.79343993658845872E-012,-5.26315580189268210E-012)
   0.0000000000000000        0.0000000000000000        0.0000000000000000                3           5           1           2           1  (-8.31886313420425329E-013,4.69868622248479971E-012)
   0.0000000000000000        0.0000000000000000        0.0000000000000000                3           5           1           3           1   (7.15881007989359799E-012,3.50294008209337552E-012)


   0.0000000000000000        0.0000000000000000        0.0000000000000000                4           5           1           1           1   (1.53815009883024221E-011,6.32773990974214935E-013)
   0.0000000000000000        0.0000000000000000        0.0000000000000000                4           5           1           2           1  (-1.74134574594928848E-011,6.83258930445545819E-012)
   0.0000000000000000        0.0000000000000000        0.0000000000000000                4           5           1           3           1 (-8.10376602277771793E-012,-6.02354153764097137E-012)
